0.0 0.0
0.1 0.09884007
0.2 0.1947354
0.3 0.2867863
0.4 0.374149
0.5 0.4560437
0.6 0.5317603
0.7 0.6006646
0.8 0.6622031
0.9 0.7159069
1.0 0.7613945
1.1 0.7983739
1.2 0.8266446
1.3 0.846096
1.4 0.8567088
1.5 0.8585519
1.6 0.8517804
1.7 0.8366327
1.8 0.8134259
1.9 0.7825515
2.0 0.7444697
2.1 0.699704
2.2 0.6488335
2.3 0.5924879
2.4 0.5313381
2.5 0.4660906
2.6 0.3974782
2.7 0.326253
2.8 0.2531786
2.9 0.1790215
3.0 0.1045443
3.1 0.03049728
3.2 -0.04238836
3.3 -0.1134071
3.4 -0.1818867
3.5 -0.2471928
3.6 -0.308736
3.7 -0.365976
3.8 -0.4184259
3.9 -0.4656568
4.0 -0.5072999
4.1 -0.5430498
4.2 -0.5726661
4.3 -0.5959743
4.4 -0.6128664
4.5 -0.6233007
4.6 -0.6273008
4.7 -0.6249543
4.8 -0.6164101
4.9 -0.6018764
5.0 -0.581617
5.1 -0.5559476
5.2 -0.525232
5.3 -0.4898767
5.4 -0.4503271
5.5 -0.4070614
5.6 -0.3605853
5.7 -0.3114268
5.8 -0.2601299
5.9 -0.20725
6.0 -0.1533465
6.1 -0.09897821
6.2 -0.04469758
6.3 0.008955047
6.4 0.06145556
6.5 0.1123025
6.6 0.1610205
6.7 0.2071651
6.8 0.2503263
6.9 0.2901316
7.0 0.3262499
7.1 0.3583934
7.2 0.3863196
7.3 0.4098331
7.4 0.4287861
7.5 0.4430798
7.6 0.4526635
7.7 0.4575348
7.8 0.4577383
7.9 0.4533643
8.0 0.4445473
8.1 0.4314632
8.2 0.4143276
8.3 0.3933914
8.4 0.3689394
8.5 0.3412853
8.6 0.3107689
8.7 0.277752
8.8 0.2426136
8.9 0.2057472
9.0 0.1675549
9.1 0.1284447
9.2 0.08882595
9.3 0.04910388
9.4 0.009678121
9.5 -0.02906402
9.6 -0.06674862
9.7 -0.1030198
9.8 -0.1375437
9.9 -0.1700096
10.0 -0.2001342
10.1 -0.2276627
10.2 -0.2523712
10.3 -0.2740692
10.4 -0.2925991
10.5 -0.3078388
10.6 -0.3197009
10.7 -0.328134
10.8 -0.3331215
10.9 -0.3346821
11.0 -0.3328678
11.1 -0.3277637
11.2 -0.3194859
11.3 -0.30818
11.4 -0.2940188
11.5 -0.2772003
11.6 -0.2579453
11.7 -0.2364946
11.8 -0.2131055
11.9 -0.1880506
12.0 -0.1616126
12.1 -0.1340835
12.2 -0.1057601
12.3 -0.07694064
12.4 -0.04792334
12.5 -0.01900154
12.6 0.009537421
12.7 0.03741572
12.8 0.06436842
12.9 0.09014405
13.0 0.1145089
13.1 0.1372471
13.2 0.1581637
13.3 0.177086
13.4 0.1938642
13.5 0.2083733
13.6 0.2205132
13.7 0.2302094
13.8 0.2374136
13.9 0.2421031
14.0 0.2442808
14.1 0.2439747
14.2 0.241237
14.3 0.2361433
14.4 0.2287912
14.5 0.2192986
14.6 0.2078029
14.7 0.1944588
14.8 0.1794358
14.9 0.1629177
15.0 0.1450988
15.1 0.126183
15.2 0.1063812
15.3 0.08590845
15.4 0.06498293
15.5 0.04382231
15.6 0.02264285
15.7 0.001656742
15.8 -0.01893056
15.9 -0.03892088
16.0 -0.05812668
16.1 -0.07637141
16.2 -0.09349182
16.3 -0.1093388
16.4 -0.1237799
16.5 -0.1366983
16.6 -0.1479951
16.7 -0.1575896
16.8 -0.1654193
16.9 -0.1714415
17.0 -0.1756315
17.1 -0.1779837
17.2 -0.1785111
17.3 -0.1772444
17.4 -0.174232
17.5 -0.1695384
17.6 -0.1632438
17.7 -0.1554428
17.8 -0.1462434
17.9 -0.1357649
18.0 -0.1241374
18.1 -0.1114998
18.2 -0.09799839
18.3 -0.0837855
18.4 -0.06901665
18.5 -0.05385069
18.6 -0.03844698
18.7 -0.02296416
18.8 -0.007558766
18.9 0.00761739
19.0 0.02241693
19.1 0.03669944
19.2 0.05033246
19.3 0.0631924
19.4 0.07516658
19.5 0.08615262
19.6 0.09606036
19.7 0.1048121
19.8 0.1123433
19.9 0.118603
20.0 0.1235537
20.1 0.127172
20.2 0.1294479
20.3 0.1303855
20.4 0.1300018
20.5 0.1283268
20.6 0.1254028
20.7 0.1212838
20.8 0.1160346
20.9 0.10973
21.0 0.1024539
21.1 0.09429813
21.2 0.08536176
21.3 0.07574966
21.4 0.06557086
21.5 0.05493847
21.6 0.04396771
21.7 0.0327749
21.8 0.02147647
21.9 0.01018698
22.0 -0.000980753
22.1 -0.01191755
22.2 -0.02251871
22.3 -0.03268476
22.4 -0.04232314
22.5 -0.05134782
22.6 -0.05968075
22.7 -0.0672524
22.8 -0.07400203
22.9 -0.0798788
23.0 -0.08484108
23.1 -0.08885744
23.2 -0.09190644
23.3 -0.09397679
23.4 -0.09506725
23.5 -0.09518626
23.6 -0.09435185
23.7 -0.09259129
23.8 -0.08994054
23.9 -0.08644361
24.0 -0.08215219
24.1 -0.07712501
24.2 -0.07142675
24.3 -0.06512782
24.4 -0.05830277
24.5 -0.05103035
24.6 -0.04339209
24.7 -0.03547153
24.8 -0.02735354
24.9 -0.01912286
25.0 -0.01086409
25.1 -0.002660316
25.2 0.005407596
25.3 0.01326157
25.4 0.02082768
25.5 0.02803588
25.6 0.03482122
25.7 0.04112429
25.8 0.04689157
25.9 0.05207624
26.0 0.05663795
26.1 0.06054343
26.2 0.06376667
26.3 0.06628894
26.4 0.068099
26.5 0.0691928
26.6 0.06957364
26.7 0.06925179
26.8 0.06824443
26.9 0.06657514
27.0 0.06427374
27.1 0.06137572
27.2 0.05792188
27.3 0.05395777
27.4 0.04953298
27.5 0.04470092
27.6 0.03951791
27.7 0.0340427
27.8 0.02833588
27.9 0.02245885
28.0 0.0164738
28.1 0.01044266
28.2 0.004426616
28.3 -0.00151442
28.4 -0.007322797
28.5 -0.01294299
28.6 -0.01832258
28.7 -0.02341259
28.8 -0.02816779
28.9 -0.03254749
29.0 -0.03651527
29.1 -0.04003965
29.2 -0.0430942
29.3 -0.04565764
29.4 -0.0477142
29.5 -0.0492533
29.6 -0.05026983
29.7 -0.05076396
29.8 -0.05074111
29.9 -0.05021176
30.0 -0.04919119
30.1 -0.04769936
30.2 -0.04576048
30.3 -0.04340284
30.4 -0.04065819
30.5 -0.03756166
30.6 -0.03415115
30.7 -0.03046695
30.8 -0.02655138
30.9 -0.022448
31.0 -0.01820158
31.1 -0.01385738
31.2 -0.009460752
31.3 -0.005056743
31.4 -0.0006893325
31.5 0.003598484
31.6 0.007765441
31.7 0.0117723
31.8 0.01558213
31.9 0.0191609
32.0 0.02247737
32.1 0.02550353
32.2 0.02821506
32.3 0.0305909
32.4 0.03261413
32.5 0.03427137
32.6 0.0355534
32.7 0.03645486
32.8 0.03697419
32.9 0.03711385
33.0 0.03687992
33.1 0.03628215
33.2 0.03533369
33.3 0.03405102
33.4 0.03245348
33.5 0.03056339
33.6 0.02840536
33.7 0.02600617
33.8 0.02339475
33.9 0.02060119
34.0 0.01765722
34.1 0.01459513
34.2 0.01144774
34.3 0.008248407
34.4 0.005029893
34.5 0.001824976
34.6 -0.001334713
34.7 -0.004418617
34.8 -0.007397194
34.9 -0.01024299
35.0 -0.01293
35.1 -0.01543461
35.2 -0.01773551
35.3 -0.01981356
35.4 -0.02165258
35.5 -0.02323878
35.6 -0.02456138
35.7 -0.02561245
35.8 -0.02638676
35.9 -0.02688213
36.0 -0.02709909
36.1 -0.02704101
36.2 -0.02671389
36.3 -0.02612636
36.4 -0.0252894
36.5 -0.02421637
36.6 -0.02292265
36.7 -0.02142546
36.8 -0.01974392
36.9 -0.01789833
37.0 -0.01591053
37.1 -0.01380314
37.2 -0.01159947
37.3 -0.009323637
37.4 -0.006999623
37.5 -0.004651782
37.6 -0.002303954
37.7 2.049144e-05
37.8 0.002298618
37.9 0.004508752
38.0 0.006629994
38.1 0.00864299
38.2 0.01052985
38.3 0.01227407
38.4 0.01386118
38.5 0.01527831
38.6 0.01651474
38.7 0.01756172
38.8 0.01841248
38.9 0.01906244
39.0 0.01950906
39.1 0.01975192
39.2 0.01979263
39.3 0.01963478
39.4 0.01928387
39.5 0.01874725
39.6 0.01803396
39.7 0.01715457
39.8 0.01612124
39.9 0.01494726
40.0 0.01364722
40.1 0.01223658
40.2 0.01073156
40.3 0.009149175
40.4 0.007506648
40.5 0.005821705
40.6 0.004111966
40.7 0.002394931
40.8 0.0006880327
40.9 -0.0009920052
41.0 -0.002628802
41.1 -0.004206925
41.2 -0.005711823
41.3 -0.007129797
41.4 -0.008448511
41.5 -0.009656652
41.6 -0.01074439
41.7 -0.01170328
41.8 -0.01252622
41.9 -0.01320773
42.0 -0.01374377
42.1 -0.01413187
42.2 -0.01437111
42.3 -0.01446202
42.4 -0.01440663
42.5 -0.01420841
42.6 -0.01387216
42.7 -0.01340394
42.8 -0.0128111
42.9 -0.01210196
43.0 -0.01128598
43.1 -0.01037341
43.2 -0.009375221
43.3 -0.008303169
43.4 -0.007169342
43.5 -0.005986381
43.6 -0.004767032
43.7 -0.003524154
43.8 -0.00227072
43.9 -0.001019374
44.0 0.0002173325
44.1 0.00142738
44.2 0.00259925
44.3 0.003721902
44.4 0.004785179
44.5 0.005779552
44.6 0.006696489
44.7 0.007528399
44.8 0.008268589
44.9 0.008911532
45.0 0.009452685
45.1 0.00988868
45.2 0.01021726
45.3 0.01043723
45.4 0.01054857
45.5 0.01055231
45.6 0.01045055
45.7 0.01024639
45.8 0.009943901
45.9 0.009548036
46.0 0.00906463
46.1 0.008500231
46.2 0.007862055
46.3 0.007157988
46.4 0.006396318
46.5 0.005585855
46.6 0.00473563
46.7 0.003854893
46.8 0.002953114
46.9 0.002039651
47.0 0.001123932
47.1 0.0002151156
47.2 -0.0006778877
47.3 -0.001546402
47.4 -0.002382301
47.5 -0.003177814
47.6 -0.003925826
47.7 -0.004619829
47.8 -0.005253907
47.9 -0.005822959
48.0 -0.00632254
48.1 -0.006749063
48.2 -0.007099724
48.3 -0.007372494
48.4 -0.007566209
48.5 -0.007680488
48.6 -0.007715768
48.7 -0.007673258
48.8 -0.007554924
48.9 -0.007363445
49.0 -0.007102198
49.1 -0.006775165
49.2 -0.006386901
49.3 -0.005942528
49.4 -0.005447562
49.5 -0.004907989
49.6 -0.004330061
49.7 -0.003720294
49.8 -0.003085455
49.9 -0.002432334
